6.751365 3.357446 2.122233 1.639989 1.274192
0.9805194 0.8459472 0.7374664 0.6328207 0.5222034
0.4764026 0.4233737 0.4106328 0.3531859 0.3115461
0.2986969 0.2731662 0.2570994 0.2619301 0.2161259
0.214161 0.2046021 0.1883581 0.1875098 0.1725702
0.1762253 0.1556893 0.1419795 0.1484002 0.118772
0.1362793 0.1366752 0.1237126 0.117589 0.1211372
0.1052458 0.09207853 0.09306957 0.09557401 0.08616665
0.08903582 0.08141132 0.08134476 0.07506394 0.07184061
0.06710294 0.07348394 0.06642065 0.06693012 0.0674757
0.06074037 0.05299271 0.05363571 0.06385363 0.05278417
0.05597805 0.04450092 0.04650695 0.04582882 0.04311265
0.04599371 0.04600932 0.04508111 0.04755258 0.03420454
0.03689095 0.03610758 0.04265402 0.04128562 0.03632791
0.03561829 0.03451986 0.04056619 0.03594461 0.03092479
0.04053955 0.03047187 0.03787066 0.03174221 0.03489395
0.03153863 0.0335627 0.03250575 0.03157573 0.02899665
0.03177736 0.03267328 0.02978149 0.0316913 0.02976777
0.03244853 0.02946466 0.02816439 0.02666013 0.03334172
0.02701369 0.0260378 0.03079303 0.02891621 0.02573895
0.02618366 0.0277272 0.02733962 0.02666622 0.02957657
0.02592798 0.02399683 0.02555451 0.02245356 0.02439305
0.02753848 0.02473735 0.02802639 0.02555627 0.02175422
0.02423448 0.02690021 0.02657861 0.02681804 0.02622401
