.00 .500000 0.758345
.01 .507583 0.758215
.02 .515163 0.757828
.03 .522739 0.757183
.04 .530306 0.756281
.05 .537863 0.755123
.06 .545408 0.753709
.07 .552937 0.752042
.08 .560448 0.750122
.09 .567938 0.747951
.10 .575406 0.745532
.11 .582848 0.742866
.12 .590263 0.739957
.13 .597647 0.736806
.14 .604998 0.733416
.15 .612314 0.729792
.16 .619593 0.725935
.17 .626832 0.721849
.18 .634029 0.717539
.19 .641182 0.713008
.20 .648289 0.708260
.21 .655347 0.703299
.22 .662354 0.698131
.23 .669309 0.692758
.24 .676208 0.687187
.25 .683052 0.681422
.26 .689836 0.675469
.27 .696560 0.669332
.28 .703222 0.663017
.29 .709820 0.656529
.30 .716352 0.649874
.31 .722817 0.643059
.32 .729213 0.636088
.33 .735538 0.628967
.34 .741792 0.621704
.35 .747972 0.614303
.36 .754077 0.606771
.37 .760107 0.599115
.38 .766059 0.591341
.39 .771933 0.583455
.40 .777728 0.575464
.41 .783442 0.567374
.42 .789075 0.559192
.43 .794626 0.550925
.44 .800094 0.542578
.45 .805477 0.534159
.46 .810776 0.525674
.47 .815991 0.517130
.48 .821119 0.508533
.49 .826161 0.499890
.50 .831117 0.491208
.51 .835985 0.482492
.52 .840766 0.473749
.53 .845460 0.464986
.54 .850066 0.456209
.55 .854584 0.447424
.56 .859014 0.438638
.57 .863357 0.429855
.58 .867612 0.421083
.59 .871779 0.412327
.60 .875858 .403594
.61 .879851 .394887
.62 .883756 .386214
.63 .887575 .377580
.64 .891308 .368989
.65 .894955 .360447
.66 .898517 .351960
.67 .901994 .343531
.68 .905388 .335166
.69 .908698 .326870
.70 .911925 .318646
.71 .915071 .310499
.72 .918136 .302433
.73 .921120 .294452
.74 .924025 .286560
.75 .926852 .278760
.76 .929601 .271057
.77 .932273 .263452
.78 .934870 .255950
.79 .937392 .248553
.80 .939841 .241264
.81 .942218 .234086
.82 .944523 .227020
.83 .946759 .220070
.84 .948925 .213237
.85 .951024 .206523
.86 .953056 .199931
.87 .955023 .193460
.88 .956926 .187113
.89 .958766 .180891
.90 .960544 .174795   
.91 .962262 .168827   
.92 .963921 .162985   
.93 .965522 .157272   
.94 .967067 .151687   
.95 .968556 .146231   
.96 .969992 .140904   
.97 .971375 .135705   
.98 .972706 .130635   
.99 .973988 .125694   
1.00 .975221 .120880   
1.01 .976406 .116194   
1.02 .977545 .111633   
1.03 .978639 .107199   
1.04 .979689 .102889   
1.05 .980697 .0987031  
1.06 .981664 .0946394  
1.07 .982590 .0906969  
1.08 .983478 .0868741  
1.09 .984328 .0831697  
1.10 .985142 .0795821  
1.11 .985920 .0761096  
1.12 .986665 .0727506  
1.13 .987376 .0695033  
1.14 .988055 .0663658  
1.15 .988703 .0633362  
1.16 .989322 .0604126  
1.17 .989912 .0575930  
1.18 .990474 .0548753  
1.19 .991010 .0522574  
1.20 .991520 .0497372  
1.21 .992005 .0473125  
1.22 .992466 .0449811  
1.23 .992905 .0427408  
1.24 .993321 .0405894  
1.25 .993717 .0385246  
1.26 .994092 .0365441  
1.27 .994448 .0346458
1.28 .994785 .0328273
1.29 .995105 .0310864
1.30 .995407 .0294208
1.31 .995693 .0278282
1.32 .995964 .0263065
1.33 .996220 .0248534
1.34 .996461 .0234666
1.35 .996689 .0221441
1.36 .996904 .0208837
1.37 .997107 .0196831
1.38 .997298 .0185404
1.39 .997478 .0174534
1.40 .997648 .0164201
1.41 .997807 .0154385
1.42 .997957 .0145066
1.43 .998097 .0136226
1.44 .998229 .0127844
1.45 .998353 .0119902
1.46 .998469 .0112384
1.47 .998578 .0105269
1.48 .998680 .0098542
1.49 .998775 .0092187
1.50 .998864 .0086186
1.51 .998948 .0080523
1.52 .999025 .0075183
1.53 .999098 .0070151
1.54 .999166 .0065413
1.55 .999229 .0060955
1.56 .999288 .0056763
1.57 .999343 .0052824
1.58 .999394 .0049125
1.59 .999441 .0045655
1.60 .999485 .0042401
1.61 .999526 .0039352
1.62 .999564 .0036497
1.63 .999599 .0033826
1.64 .999631 .0031329
1.65 .999662 .0028995
1.66 .999689 .0026817
1.67 .999715 .0024785
1.68 .999739 .0022891
1.69 .999761 .0021127
1.70 .999781 .0019485
1.71 .999800 .0017957
1.72 .999817 .0016537
1.73 .999833 .0015219
1.74 .999848 .0013995
1.75 .999861 .0012861
1.76 .999873 .0011810
1.77 .999885 .0010836
1.78 .999895 .0009936
1.79 .999905 .0009103
1.80 .999913 .0008334
1.81 .999921 .0007625
1.82 .999929 .0006970
1.83 .999935 .0006367
1.84 .999941 .0005811
1.85 .999947 .0005300
1.86 .999952 .0004830
1.87 .999957 .0004399
1.88 .999961 .0004003
1.89 .999965 .0003639
1.90 .999968 .0003306
1.91 .999971 .0003001
1.92 .999974 .0002722
1.93 .999977 .0002468
1.94 .999979 .0002235
1.95 .999981 .0002022
1.96 .999983 .0001828
1.97 .999985 .0001652
1.98 .999986 .0001491
1.99 .999988 .0001345
2.00 .999989 .000121