.50 0.00    
.51 0.013187
.52 0.026383
.53 0.039595
.54 0.052830
.55 0.066096
.56 0.079402
.57 0.092757
.58 0.106168
.59 0.119645
.60 0.133196
.61 0.146831
.62 0.160560
.63 0.174393
.64 0.188342
.65 0.202418
.66 0.216633
.67 0.230999
.68 0.24553 
.69 0.260242
.70 0.275151
.71 0.290274
.72 0.305629
.73 0.321238
.74 0.337123
.75 0.353308
.76 0.369821
.77 0.386694
.78 0.403959
.79 0.421656
.80 0.439828
.81 0.458525
.82 0.477804
.83 0.497731
.84 0.518383
.85 0.539855
.86 0.562252
.87 0.585706
.88 0.610378
.89 0.636468
.90 0.664235
.91 0.694004
.92 0.726216
.93 0.761477
.94 0.800658
.95 0.845081
.96 0.896904
.97 0.960057
.98 1.043030
.99 1.171530
.991 1.189813
.992 1.209897
.993 1.232241
.994 1.257496
.995 1.286659
.996 1.321370
.997 1.364637
.998 1.423026
.999 1.516664
.9999 1.784955