0.3260008 0.1915233 0.1439773 0.1026862 0.0821096
0.07553705 0.06742675 0.06159707 0.0551174 0.05291125
0.04764863 0.04585981 0.03909939 0.04093561 0.03412171
0.03494418 0.03564853 0.02863449 0.03205511 0.03266183
0.02889346 0.02974876 0.02917054 0.02851163 0.02438797
0.02806985 0.02555493 0.02685315 0.02552997 0.0232828
0.02501316 0.02262472 0.02231817 0.02265399 0.02344017
0.02186498 0.02130673 0.02062543 0.01932363 0.01882507
0.01789863 0.01937841 0.02108885 0.01635896 0.01693557
0.01866447 0.01925023 0.01861156 0.01733884 0.01689792
0.01728565 0.01909801 0.01729841 0.01653012 0.01678857
0.0142694 0.01373516 0.01645733 0.01792853 0.01631017
0.01546081 0.01391681 0.01549614 0.01784474 0.01451629
0.01330719 0.01506161 0.01550791 0.01479626 0.01441765
0.01345347 0.01333405 0.01321896 0.01229899 0.01577405
0.0150488 0.01231093 0.01425679 0.01253099 0.01328616
0.01278495 0.01361934 0.0131024 0.01254513 0.01307948
0.01212198 0.01290357 0.01284162 0.01226959 0.0113338
0.0130741 0.01151728 0.01024566 0.01130832 0.0133393
0.0129695 0.01281119 0.01146529 0.01195318 0.01167675
0.01169494 0.01158203 0.01287086 0.01431061 0.0106043
0.01108094 0.01173611 0.01258054 0.0105051 0.01170715
0.01079408 0.01102518 0.01220948 0.01013925 0.01078875
0.01107501 0.0103424 0.01038726 0.009476078 0.01144742
